TTTo2L2Nu_UL18:
  count: 4554000.0
  files:
  - /srv/python/skimmer/test/TTTo2L2Nu_UL18/picoAOD.root
  saved_events: 8
  sumw: 328418641.3548001
  sumw2: 24068085015.441048
  total_events: 1000
