bin_upper_edge:  [30.0, 60.0, 90.0, 120.0, 150.0, 180.0, 210.0, 240.0, 270.0, 300.0, 330.0, 360.0, 390.0, 420.0, 450.0, 480.0, 510.0, 540.0, 570.0, 600.0, 630.0, 660.0, 690.0, 720.0, 750.0, 780.0, 810.0, 840.0, 870.0, 900.0, 930.0, 960.0, 990.0, 1020.0, 1050.0, 1080.0, 1110.0, 1140.0, 1170.0, 1200.0, 1230.0, 1260.0, 1290.0, 1320.0, 1350.0, 1380.0, 1410.0, 1440.0, 1470.0]
weights:      [0.0, 0.0, 0.0, 0.0, 0.0, 0.0, 0.015873015873015872, 0.17880794701986755, 0.3551912568306011, 0.7134570765661253, 1.0419727177334732, 1.491585473870682, 1.4249219968798752, 1.2661615347412543, 1.1327554744525548, 1.0555643501662182, 1.0184687709872398, 0.9567587209302325, 0.913508064516129, 0.8975176497381007, 0.8809845820935894, 0.8571858087793145, 0.8510109968073785, 0.8223844282238443, 0.7828916782891678, 0.83, 0.8270676691729323, 0.7772727272727272, 0.8295652173913044, 0.7976424361493124, 0.75, 0.8264900662251655, 0.7928994082840237, 0.8559027777777778, 0.7188081936685289, 0.7874720357941835, 0.8051282051282052, 0.7400611620795107, 0.75625, 0.7490636704119851, 0.8356807511737089, 0.8295454545454546, 0.7751479289940828, 0.8026315789473685, 0.8943089430894309, 0.6173913043478261, 1.0224719101123596, 0.6597938144329897, 0.8227848101265823, 0.8028169014084507]
