bin_upper_edge:  [30.0, 60.0, 90.0, 120.0, 150.0, 180.0, 210.0, 240.0, 270.0, 300.0, 330.0, 360.0, 390.0, 420.0, 450.0, 480.0, 510.0, 540.0, 570.0, 600.0, 630.0, 660.0, 690.0, 720.0, 750.0, 780.0, 810.0, 840.0, 870.0, 900.0, 930.0, 960.0, 990.0, 1020.0, 1050.0, 1080.0, 1110.0, 1140.0, 1170.0, 1200.0, 1230.0, 1260.0, 1290.0, 1320.0, 1350.0, 1380.0, 1410.0, 1440.0, 1470.0]
weights:      [0.0, 0.0, 0.0, 0.0, 0.0, 0.0, 0.28225806451612906, 1.0491803278688525, 1.299625468164794, 1.2660204631125471, 1.2342541436464087, 1.1671695835847917, 1.1248202473396607, 1.0466187050359712, 1.0331664580725908, 0.9669421487603306, 0.9253112033195021, 0.9335664335664335, 0.8655502392344497, 0.8397472716829408, 0.8752542372881356, 0.8899598393574297, 0.8707916287534122, 0.808870116156283, 0.888748419721871, 0.8237037037037037, 0.9343065693430657, 0.7509293680297398, 0.8169934640522876, 0.8820224719101124, 0.8328358208955224, 0.8935361216730038, 0.7418181818181818, 0.91005291005291, 0.827027027027027, 0.9857142857142858, 0.7961783439490446, 0.8333333333333334, 0.7459016393442623, 0.89, 0.8214285714285714, 0.9365079365079365, 0.835820895522388, 0.9830508474576272, 0.7627118644067796, 0.8648648648648649, 0.9318181818181818, 0.625, 0.7878787878787878, 0.5555555555555556]
