bin_upper_edge:  [30.0, 60.0, 90.0, 120.0, 150.0, 180.0, 210.0, 240.0, 270.0, 300.0, 330.0, 360.0, 390.0, 420.0, 450.0, 480.0, 510.0, 540.0, 570.0, 600.0, 630.0, 660.0, 690.0, 720.0, 750.0, 780.0, 810.0, 840.0, 870.0, 900.0, 930.0, 960.0, 990.0, 1020.0, 1050.0, 1080.0, 1110.0, 1140.0, 1170.0, 1200.0, 1230.0, 1260.0, 1290.0, 1320.0, 1350.0, 1380.0, 1410.0, 1440.0, 1470.0]
weights:      [0.0, 0.0, 0.0, 0.0, 0.0, 0.0, 0.0, 0.05714285714285714, 0.19243986254295534, 0.3384615384615385, 0.6010802469135802, 0.8902988129349161, 1.3179452364788413, 1.4439137357070488, 1.3389179755671903, 1.158716933972089, 1.093776641091219, 1.0223132969034607, 0.9611097349516968, 0.9440361786319955, 0.8849626400996264, 0.8852157943067034, 0.8661717921527041, 0.8323381896345833, 0.8659706546275395, 0.8434343434343434, 0.8145599420499819, 0.8386960203217613, 0.8345463367297429, 0.8334307422559907, 0.8261446582614466, 0.80061115355233, 0.865684575389948, 0.8367546432062561, 0.7731376975169301, 0.7868852459016393, 0.8402985074626865, 0.7770382695507487, 0.788785046728972, 0.7180043383947939, 0.8707124010554089, 0.7232876712328767, 0.8366666666666667, 0.8509803921568627, 0.7933884297520661, 0.8640776699029126, 0.7604166666666666, 0.7831325301204819, 0.9714285714285714, 0.726027397260274]
