bin_upper_edge:  [30.0, 60.0, 90.0, 120.0, 150.0, 180.0, 210.0, 240.0, 270.0, 300.0, 330.0, 360.0, 390.0, 420.0, 450.0, 480.0, 510.0, 540.0, 570.0, 600.0, 630.0, 660.0, 690.0, 720.0, 750.0, 780.0, 810.0, 840.0, 870.0, 900.0, 930.0, 960.0, 990.0, 1020.0, 1050.0, 1080.0, 1110.0, 1140.0, 1170.0, 1200.0, 1230.0, 1260.0, 1290.0, 1320.0, 1350.0, 1380.0, 1410.0, 1440.0, 1470.0]
weights:      [0.0, 0.0, 0.0, 0.0, 0.0, 0.0, 0.5074626865671642, 1.0520231213872833, 1.4142011834319526, 1.298238426874232, 1.2189905902480753, 1.1980822609134494, 1.1240789160922273, 1.0186320754716982, 0.9685721356099976, 1.0049375544583212, 0.8923467767545252, 0.9427063701470034, 0.8808089500860585, 0.8347436535589846, 0.8551068883610451, 0.8435114503816794, 0.8600160901045857, 0.8230633802816901, 0.8263598326359832, 0.8177278401997503, 0.8982300884955752, 0.7944535073409462, 0.9298245614035088, 0.7868852459016393, 0.8590078328981723, 0.8477611940298507, 0.7322580645161291, 0.8076923076923077, 0.7797356828193832, 0.9613259668508287, 0.9864864864864865, 0.7412587412587412, 0.723404255319149, 0.847457627118644, 0.660377358490566, 0.56, 0.9545454545454546, 1.0151515151515151, 0.7872340425531915, 1.0434782608695652, 1.05, 0.782608695652174, 0.75, 0.55]
